  4.408386940773975E-002  0.259264219101209        1.01406493674469     
 -3.448324896052078E-003  7.872141365969966E-004 -1.063321452511574E-004
 -1.770995305840630E-003  3.261223501929032E-004 -8.524180100842054E-005
 -1.318945954335803E-003  2.177027026395794E-004 -4.879282457635633E-005
 -1.793464468127236E-003  3.306755571606930E-004 -8.556498804836500E-005
 -1.532091367834907E-003  2.659435877163049E-004 -6.284116505203041E-005
 -5.209916900323479E-003 -0.178643467311209       0.413371969243138     
 -2.623728946652804E-003  5.497975050196822E-004 -1.607866285042816E-004
  0.798444906265024        1.13201286375138        1.33444938194369     
   1.08174731881625      -0.989115741163694       -1.21867192863757     
   1.54745542406566        2.16537783651298        1.14132270700499     
 -1.282026342951431E-003  2.101939158276309E-004 -4.725315857005001E-005
  4.529673028348734E-002  7.402138061679991E-002  -3.92843117478896     
  8.064871960553555E-002  -2.73143436558652       -2.48268645709337     
  0.640050651090477       -1.16993241627541       -1.33333904706021     
 -2.232940568240252E-003  4.160435276905857E-004  0.000000000000000E+000
  0.680705314900845       -7.17515795825099       -8.83302561194946     
 -2.467140213955121E-003  4.735545148619451E-004  0.000000000000000E+000
 -4.900023616825474E-003  5.803567154068987E-003  5.501605487181462E-002
 -9.581913037015249E-003  3.036152733730481E-003 -2.929502497529085E-003
  0.805334392832567        1.39820766943670       0.808755960886288     
 -5.458955100268685E-003  1.491860908802610E-003 -5.563574483871029E-004
 -1.279192050472250E-002  4.644613969948887E-003 -2.829675081063270E-003
 -2.062346173328404E-003  3.981411425273070E-004 -1.077051776451065E-004
  -1.05562727613855       0.552858143841578        3.76096428813244     
 -3.562838805364119E-003  8.297202290645713E-004 -2.719940761007206E-004
 -0.411953273514263       0.277891747253920        1.15270205703722     
  0.588657398375143        1.24783429873087       -4.79337007528272     
 -6.492377698059238E-003  1.862416569852635E-003 -7.644041348783663E-004
 -4.174059329154250E-003  1.023459884032454E-003 -3.538296551927004E-004
