  3.920868039131165E-007  0.509608864784241     
  0.352516144514084        13.3382892608643     
  0.963055491447449        16.7657642364502     
  0.335355043411255        18.3065433502197     
  0.795863628387451        16.6538619995117     
  0.345042675733566        17.4236774444580     
  8.991835266351700E-002   17.7656764984131     
  0.700978875160217        14.6910514831543     
  0.300175815820694       0.994354426860809     
  0.908189356327057        1.95317196846008     
  4.031337797641754E-002   1.70049571990967     
  0.558820962905884        18.5290336608887     
  7.564076781272888E-002   18.2357921600342     
  9.182216972112656E-002   12.7553281784058     
  0.852292060852051        2.42155408859253     
  0.994574487209320        15.5650062561035     
  1.966502144932747E-002   3.39727282524109     
  0.994743287563324        15.0738487243652     
  0.217973753809929        13.1858501434326     
  0.539018392562866        9.60126686096191     
  0.839226424694061       0.508404076099396     
  0.989382922649384        11.7154130935669     
  0.767067909240723        8.89633655548096     
  0.709505021572113        15.8905210494995     
  0.438701331615448        4.17506599426270     
  0.731112122535706        13.3146200180054     
  0.722074151039124        4.22941923141479     
  0.308251529932022        5.25977802276611     
  0.752295911312103        10.9958915710449     
  0.636723935604095        12.6202068328857     
